misc:
347-12:06:43.063 | 0x834aec4d9146aa43 |  32 |     |     |   | 1,745,377
347-12:06:43.847 | 0x36d6012311c97b88 |  32 |     |     |   | 3,052,521

interesting periods:
347-12:09:09.320 | 0xb45011ba2a9c5b71 |  16 |   3 |     |   | 245,973,579
347-12:09:25.181 | 0xd01185198f7bcdc2 |   2 |   3 |     |   | 272,590,385
347-12:10:54.305 | 0x858722a03a2ac87e |   2 |   3 |     |   | 400,826,157
347-15:18:38.632 | 0x8d6687ae9dc25aa8 |  16 |   3 |     |   | 24,647,151
347-15:19:34.879 | 0xc426052eacb2d5e1 |   2 |   3 |     |   | 105,118,173
347-15:24:20.950 | 0xc46b06f2e4c940af |  16 |   3 |     |   | 488,822,541
347-15:26:11.512 | 0x948c8547d38d2c78 |   2 |   3 |     |   | 640,279,994
347-15:48:16.843 | 0xa4a55f21406e433a |  16 |   3 |     |   | 341,537,686
347-15:48:23.711 | 0xdd249d52c6f49352 |   2 |   3 |     |   | 352,733,226
347-15:55:33.037 | 0x1c56da438b529bac |  16 |   3 |     |   | 589,361,748
347-15:55:42.617 | 0xa5a150b91a58ad87 |   2 |   3 |     |   | 604,450,018
347-18:21:33.616 | 0x788237bf0c195f17 |  16 |  12 |     |   | 12,316,003,079
347-19:39:30.377 | 0x91375fda824cb0cf |  16 |  12 |     |   | 20,593,905,167
347-20:52:15.180 | 0x58b5e0e571080bb2 |  16 |  12 |     |   | 44,801,380,984
348-03:13:40.255 | 0xc13cc2bbf38079f5 |  16 |  12 |     |   | 5,192,476,823
348-12:08:46.642 | 0x6c40e215cdb56749 |  16 |  12 |     |   | 54,098,444,077
interesting transients:
347-21:34:38.934 | 0x8a683834283c84c2 |  12 |     | 410 | 2 | 26,608,267,528
348-11:38:09.748 | 0x5b4aca759413bb2a |  12 |     | 410 | 2 | 51,224,994,862
350-06:41:06.296 | 0x1e18979480363ca8 |  12 |     | 410 | 2 | 65,486,493,870
351-08:23:46.203 | 0xb8598d0571a416a3 |  12 |     | 410 | 2 | 132,797,385,375
348-04:54:36.127 | 0x4e251733b836b4d1 |  12 |     | 411 | 2 | 54,302,430,329
349-09:08:59.266 | 0xb21dd76302bd6811 |  12 |     | 411 | 2 | 156,159,760,296
349-16:10:46.954 | 0xe92c103ba3b43499 |  12 |     | 411 | 2 | 18,953,060,696
350-22:27:13.031 | 0x79228c86d240a29e |  12 |     | 411 | 2 | 97,433,702,213
351-06:17:18.598 | 0x306b9e49f7018277 |  12 |     | 411 | 2 | 15,870,675,315
348-11:22:49.533 | 0xcb5ae41a60530ef8 |  12 |     | 412 | 2 | 77,806,536,048
350-17:32:01.410 | 0x217a980088a46f61 |  12 |     | 412 | 2 | 62,474,215,222
347-17:01:27.346 | 0xefd2f8844c3e9892 |  12 |     | 413 | 2 | 6,024,622,146
349-23:55:44.648 | 0xc08e59d7181455d1 |  12 |     | 413 | 2 | 15,578,808,083
350-06:58:28.791 | 0xc62dcb2189ecd611 |  12 |     | 413 | 2 | 32,379,137,584
352-08:10:39.539 | 0x35d5a3381b385cb7 |  12 |     | 413 | 2 | 50,243,107,784
348-03:37:52.568 | 0x37c19e8b0608db43 |  12 |     | 414 | 2 | 49,907,446,777
350-09:40:44.671 | 0x58bc000ada18b319 |  12 |     | 414 | 2 | 38,824,156,926
348-06:28:17.345 | 0x6e074906001dbe61 |  12 |     | 415 | 2 | 22,382,515,964
348-10:03:27.883 | 0x90836e83a3d0a84d |  12 |     | 415 | 2 | 42,251,877,305
348-10:34:40.286 | 0x7f203452d4c8d03e |  12 |     | 415 | 2 | 45,182,176,384
352-13:35:12.027 | 0x7840eadd345620ac |  12 |     | 415 | 2 | 77,263,276,772
352-15:43:18.371 | 0xdb1f0c08a4389da9 |  12 |     | 415 | 2 | 87,024,141,922
348-15:06:35.863 | 0x4c8c92d180218b1b |  12 |     | 416 | 2 | 91,560,899,392
350-06:30:01.415 | 0x2562160f2e529e76 |  12 |     | 416 | 2 | 65,727,848,383
352-13:41:05.579 | 0x8b30aa3aab0d5ad1 |  12 |     | 417 | 2 | 77,201,118,556
348-14:09:36.114 | 0x914cfc2c4c594553 |  12 |     | 417 | 2 | 2,359,881,642
354-03:00:35.260 | 0x8cf50cb732728cc1 |  12 |     | 417 | 2 | 260,952,939,557
349-01:29:38.346 | 0xf5e3916e8d4a5cd1 |  12 |     | 418 | 2 | 128,435,670,816
350-04:24:14.339 | 0x116b882305207407 |  12 |     | 418 | 2 | 23,419,405,152
348-04:00:12.291 | 0x955ba1e3a99a6288 |  12 |     | 419 | 2 | 8,690,620,073
350-01:34:38.412 | 0xd25689a836fde051 |  12 |     | 419 | 2 | 14,664,012,820
352-04:35:53.194 | 0x3a28cf2c09c3ac3f |  12 |     | 421 | 2 | 32,646,501,360
349-13:07:04.497 | 0xb9078411668e300d |  12 |     | 423 | 2 | 7,719,584,045
351-23:54:01.257 | 0x28177566421dabac |  12 |     | 423 | 2 | 9,856,290,637
